42 0.99547231
89 0.98648435
64 0.98348707
45 0.98243755
72 0.97528857
86 0.97452569
83 0.97179627
35 0.9705205
61 0.96833771
78 0.96159178
32 0.95875543
25 0.9566384
92 0.95606565
19 0.95355672
63 0.9477334
90 0.92916197
84 0.92852676
24 0.92629772
88 0.92021006
22 0.91298401
79 0.91189969
33 0.90873766
7 0.90706956
1 0.89258379
69 0.88333476
60 0.88035619
70 0.8794682
17 0.87789536
3 0.8683964
37 0.86750782
71 0.86475247
13 0.85828596
77 0.84753191
68 0.84307313
81 0.84223229
40 0.8399328
11 0.83832943
29 0.83638281
36 0.82822812
59 0.82812095
74 0.82536376
12 0.81743145
87 0.81524271
85 0.80633771
80 0.80222142
34 0.77451992
57 0.77360642
76 0.76869005
20 0.74470323
8 0.7380383
75 0.70378077
82 0.6889286
41 0.67141384
73 0.66352713
21 0.64381504
67 0.62386853
91 0.62232542
30 0.61991286
10 0.61473769
16 0.61428761
31 0.61329854
58 0.57891035
14 0.55372876
15 0.5390203
23 0.52109236
5 0.51331007
65 0.4975822
55 0.40225083
44 0.39801064
28 0.39572278
27 0.36187854
2 0.35349587
66 0.32000923
26 0.30925915
0 0.29460895
47 0.29349968
46 0.2498032
9 0.24196137
49 0.2382776
43 0.22998573
51 0.22429454
38 0.21312548
39 0.12651098
48 0.062647142
52 0.061349098
50 0.059580587
54 0.055383973
4 0.028757513
56 0.021755317
6 0.011371706
53 0.0046876287
