35 0.22718085
89 0.17640682
83 0.15920216
86 0.15739866
78 0.1417792
61 0.12900838
64 0.1275676
19 0.12214872
79 0.11315554
42 0.10996406
92 0.10895377
90 0.10616324
13 0.10432382
45 0.10253958
88 0.098499417
68 0.087600984
11 0.084533662
15 0.082698449
7 0.081276156
22 0.079905957
63 0.078041598
74 0.074845478
25 0.072617203
33 0.072262809
72 0.070370749
40 0.070112199
5 0.066744082
3 0.065382481
12 0.064583458
34 0.059790369
24 0.05950899
87 0.059164114
80 0.058828309
37 0.057212926
27 0.056499958
70 0.05640671
71 0.053976569
77 0.051692098
85 0.050727673
60 0.050004587
84 0.04923819
28 0.047946855
69 0.047176257
17 0.044524997
43 0.043247517
57 0.043058787
73 0.041260235
58 0.038233481
8 0.03819507
32 0.035892706
16 0.033106387
76 0.03210564
75 0.032007426
48 0.027839638
1 0.027823661
10 0.027471783
67 0.027341083
26 0.027337167
23 0.025981029
81 0.02473953
20 0.024710739
65 0.022361372
29 0.022081163
36 0.021755742
14 0.021737674
46 0.019867577
59 0.019474963
30 0.018556114
44 0.018022697
41 0.016826991
51 0.016496496
39 0.016283004
66 0.015998881
82 0.015216496
47 0.014627976
55 0.013016436
91 0.011832086
50 0.011419112
0 0.011144485
49 0.010422651
52 0.0094527453
9 0.009378545
31 0.0079557803
2 0.0074374899
53 0.0058611818
21 0.0056806072
4 0.0055129626
54 0.004657913
56 0.0045065479
38 0.0042342935
6 0.00037770116
18 8.3005907e-05
62 0.0