4 0.09577252
14 0.088758484
44 0.086384416
92 0.085586205
52 0.082819596
79 0.080859542
61 0.075356022
30 0.073020995
19 0.069596827
48 0.068985388
8 0.067608707
83 0.066906855
84 0.065754905
23 0.065416887
38 0.065223366
5 0.062767893
2 0.06173332
86 0.06080541
65 0.060721621
17 0.060289584
68 0.058402695
41 0.056766551
47 0.056376472
80 0.055304118
16 0.054155208
49 0.050420232
25 0.04971505
0 0.049604297
74 0.048822455
53 0.048280288
45 0.047710754
7 0.047609963
12 0.047291957
87 0.047123715
63 0.046778191
13 0.046728812
39 0.042796623
60 0.042425849
10 0.042153046
31 0.041462425
55 0.040838342
78 0.039692383
28 0.038979266
73 0.03843417
57 0.038051829
72 0.037967108
37 0.037119716
69 0.036870748
91 0.036851455
1 0.036791421
42 0.036578052
76 0.035800427
22 0.034913026
3 0.034669571
89 0.03407041
50 0.031095043
6 0.030874992
18 0.029677525
15 0.029325793
75 0.028086234
77 0.027869165
21 0.027106527
43 0.026537918
90 0.026423771
56 0.025940228
88 0.025575625
58 0.023099594
82 0.021783106
67 0.021165378
66 0.018664708
85 0.018625896
64 0.016131526
81 0.01589811
54 0.014631111
9 0.014362674
24 0.012373812
40 0.012008837
29 0.011848944
35 0.011323833
32 0.010108454
33 0.0098837223
51 0.0084994603
71 0.0080833323
70 0.0075028995
26 0.0053378288
27 0.0050183008
34 0.0045775459
20 0.0027851504
11 0.0027384725
46 0.0019253674
36 0.001176607
59 0.0
62 0.0
