30 0.97928017
16 0.97470677
31 0.94976038
17 0.94686252
23 0.93529624
80 0.93484473
8 0.93161345
41 0.93028879
81 0.92365736
14 0.9218989
2 0.92089325
73 0.92079568
58 0.91401315
10 0.912857
22 0.91140783
55 0.90900248
12 0.90167689
85 0.89953697
13 0.8899712
65 0.88854426
44 0.88027287
3 0.87928224
88 0.87865812
91 0.87701058
79 0.8736316
84 0.87291104
9 0.86867589
0 0.86470467
63 0.8484621
1 0.84787214
60 0.84596813
78 0.83720303
68 0.83273596
25 0.83153045
19 0.83003795
71 0.82904798
92 0.80841005
76 0.80606401
86 0.80403841
74 0.800488
28 0.79991269
83 0.79400301
37 0.79136044
45 0.78907651
21 0.78045601
61 0.77418542
36 0.77404064
18 0.7719025
52 0.74950665
57 0.73449302
77 0.71946979
7 0.71752399
24 0.70849848
29 0.70184302
82 0.70099133
42 0.69766378
72 0.6963436
90 0.69524306
47 0.66734546
67 0.66590518
89 0.66570181
87 0.65896094
20 0.65102178
69 0.63264811
38 0.63159657
75 0.62335438
48 0.61334759
33 0.61019909
32 0.60980773
50 0.60116029
40 0.59968871
54 0.5876863
66 0.56256109
64 0.5610013
11 0.55125099
39 0.53793371
6 0.53648353
70 0.51609278
35 0.51588678
59 0.50272346
49 0.49697834
34 0.46261799
4 0.46218202
5 0.41085535
46 0.4067134
51 0.3757813
53 0.29806006
56 0.27100745
15 0.24065337
26 0.23808645
43 0.16667964
27 0.017325334